   0.250
   0.749
   1.248
   1.747
   2.246
   2.745
   3.244
   3.743
   4.242
   4.741
   5.240
   5.739
   6.238
   6.737
   7.236
   7.735
   8.234
   8.733
   9.232
   9.731
  10.229
  10.728
  11.227
  11.726
  12.225
  12.724
  13.223
  13.722
  14.221
  14.720
  15.219
  15.718
  16.217
  16.716
  17.215
  17.714
  18.213
  18.712
  19.211
  19.710
  20.209
  20.708
  21.207
  21.706
  22.205
  22.704
  23.203
  23.701
  24.200
  24.699
  25.198
  25.697
  26.196
  26.695
  27.194
  27.693
  28.192
  28.691
  29.190
  29.689
  30.188
  30.687
  31.186
  31.685
  32.184
  32.683
  33.182
  33.681
  34.180
  34.679
  35.178
  35.677
  36.176
  36.674
  37.173
  37.672
  38.171
  38.670
  39.169
  39.668
  40.167
  40.666
  41.165
  41.664
  42.163
  42.662
  43.161
  43.660
  44.159
  44.658
  45.157
  45.656
  46.155
  46.654
  47.153
  47.652
  48.151
  48.650
  49.149
  49.648
