6608.444
41728.372
88676.531
103490.789
142521.699
152001.670
166025.556
145353.583
109243.803
141705.729
117335.980
124218.805
117081.450
126787.804
217631.118
188763.436
158828.470
211854.923
341437.197
379697.151
338979.852
449647.018
338589.853
639291.800
663982.903
675992.132
722972.486
937996.169
978299.544
983811.019
1113220.618
1673319.711
2652752.487
2857965.126
2698382.191
3129916.999
3067097.355
2485575.662
2218281.210
1618094.893
1384715.939
1219706.190
882193.344
820570.706
567143.508
370281.408
491022.468
677642.331
631989.579
656276.035
450521.177
528486.790
383993.868
258073.495
304814.596
214123.642
276549.012
263744.639
340999.444
316137.671
284829.778
231655.164
260596.164
141931.353
87713.829
109030.854
151587.597
163367.864
121779.689
141318.284
142215.720
107670.995
110941.639
129780.998
159519.775
145982.942
147489.854
160654.759
158577.407
141569.139
114593.120
112312.286
105152.228
47896.475
23458.677
32881.409
31137.203
38381.954
56285.745
79051.490
78705.301
90817.617
57560.613
56764.082
42463.323
32428.765
25592.245
25495.810
23343.839
10692.371
12365.961
15013.784
24561.846
26070.932
20663.578
20413.024
24344.388
30432.596
47323.658
44235.038
38400.607
54254.803
45628.887
46302.156
20812.917
30689.254
30478.572
28673.264
54304.667
58848.637
54957.530
58602.153
47117.050
32880.497
35574.135
34147.510
41744.216
47657.280
31383.939
32953.398
28368.183
25456.813
25102.960
17480.199
15456.911
16823.956
25334.444
29365.749
27486.744
31838.348
31208.936
30120.938
23486.871
22285.422
21082.172
18758.923
17611.423
16273.083
19460.893
14852.503
21596.268
11860.758
6179.601
8998.985
6918.993
6754.788
2519.313
2901.622
3176.348
6885.930
7626.724
10898.659
14714.305
13917.237
16424.876
12319.951
11189.270
8751.421
5903.073
7945.075
7644.316
7682.027
9199.193
4201.490
5477.305
7315.230
7858.301
8337.751
8300.313
7778.685
6018.737
6040.200
4973.397
4248.596
3259.155
3635.434
3455.439
4914.740
7199.640
6973.285
10134.600
9582.641
10098.787
7023.716
5945.317
6601.544
4232.448
6206.979
6013.065
9342.773
7537.833
5816.617
7557.226
9195.651
6986.766
5509.123
6044.936
5646.871
5555.607
3406.190
9200.166
9165.734
10826.773
8410.031
6846.861
6611.590
4374.801
4171.401
4357.218
3974.615
3582.810
3666.733
3625.617
4230.388
3659.712
3315.159
7515.269
8387.414
9624.803
10581.575
13923.653
13079.736
10597.878
10181.523
9590.862
9106.929
8470.334
7939.317
7424.681
5844.844
5703.262
5849.879
2788.154
4096.241
4163.151
3615.248
3325.854
3861.032
3092.399
2373.998
3712.928
4068.153
3878.584
6120.985
5930.718
5578.703
3345.346
8195.515
8204.304
5870.091
7185.466
10028.381
10676.089
6545.916
7604.656
7562.316
6130.951
3176.138
4241.003
3918.904
4195.607
2701.958
2420.715
2200.490
2253.349
1696.752
3405.663
4766.506
3893.044
4557.879
4331.124
4713.422
3520.817
2036.618
1930.466
1526.339
2140.286
1994.729
3481.187
4038.635
4454.633
4732.999
2467.201
2986.530
2363.373
2452.502
2443.499
2739.271
3994.236
3384.664
5881.629
6769.633
7707.081
5382.500
8958.595
8129.814
6156.348
4625.137
8405.513
9679.024
8191.762
8029.480
8183.113
7756.426
8636.723
8993.372
5699.333
5698.742
9992.078
9871.194
8861.567
8115.981
8536.155
12005.805
9567.586
6240.137
5765.225
5783.278
5915.238
5778.374
5755.086
5663.936
5351.974
6551.087
5462.484
5703.004
3498.439
4031.584
4138.429
5039.988
4851.424
4646.278
5579.401
3689.176
3810.244
3495.426
2889.972
5223.377
4549.908
5114.368
4646.479
6834.918
6728.615
5313.830
5583.282
4633.647
6495.931
6207.441
5476.260
5146.344
4741.646
6548.830
5291.267
5507.429
5448.344
3657.203
4367.480
3935.149
3452.351
3340.194
3760.477
4187.477
3200.147
3194.409
3428.501
3203.305
4277.069
4284.598
4046.201
3160.793
3081.491
1578.164
 679.841
 596.836
 639.626
 737.388
 916.042
1306.361
1521.846
1430.201
1520.409
1647.632
1678.458
1464.477
1510.299
1550.549
1510.024
1472.747
1312.280
2270.551
1654.381
2231.412
2288.448
2114.591
2331.084
2131.772
1813.473
1253.554
 851.833
 970.385
 758.359
 715.035
 717.310
 629.877
1168.342
1442.722
1835.233
1604.583
2400.567
2167.947
1807.717
1771.081
1586.096
 959.541
 859.659
 671.936
 666.760
 556.759
 412.287
 705.691
 763.801
1170.122
1252.168
1327.548
1391.140
1388.384
1541.139
 796.622
 829.373
 933.386
 993.897
1488.573
1367.640
1331.973
1441.206
1409.923
1422.451
1290.167
1115.176
1132.205
 953.116
1048.602
1146.328
 790.523
 625.554
 463.414
 563.496
 442.807
 885.373
1035.003
1202.156
1307.289
1146.012
1249.313
 953.939
 864.930
 909.214
 651.052
 547.194
 431.559
 219.070
 304.907
 195.930
 240.441
 219.328
 204.596
 244.514
 183.644
 376.051
 411.360
 362.469
 355.922
 470.621
 464.247
 243.300
 369.491
 452.473
 465.495
 462.661
 855.804
 864.850
 819.723
 809.379
 699.833
 507.764
 399.512
 392.279
 312.215
 382.099
 478.824
 611.115
 593.089
 756.203
 802.311
 698.018
 643.372
 577.892
 515.389
 514.663
 362.292
 538.560
 501.237
 394.887
 288.896
 361.635
 294.705
 348.831
 513.406
 527.962
 437.857
 429.136
 409.806
 253.497
 129.426
 115.010
 102.663
 104.747
 117.025
 144.931
 179.415
 237.132
 351.414
 282.603
 251.504
 226.541
 194.734
 176.693
 156.114
 146.917
 221.933
 218.709
 299.705
 389.852
 419.742
 382.245
 344.209
 486.782
 601.200
 457.422
 511.394
 534.623
 460.668
 465.159
 289.637
 279.006
 232.475
 218.258
 323.859
 228.657
 441.767
 557.949
 526.994
 600.521
 520.951
 481.168
 271.629
 262.374
 210.714
 243.138
 195.341
 305.032
 483.113
 499.259
 461.322
 558.484
 488.394
 435.062
 267.951
 225.842
 218.072
 126.322
 119.544
 228.254
 222.154
 160.764
 196.367
 148.960
 108.795
 111.131
 158.906
 151.393
 124.397
 146.755
  55.902
 127.084
 156.502
 156.954
 154.187
 166.018
 291.064
 320.277
 363.260
 459.984
 467.929
 343.748
 279.822
 244.918
 289.892
 222.361
 200.295
 179.172
 191.212
 146.722
 250.077
 288.687
 220.710
 270.003
 226.764
 196.440
 203.600
 164.606
 146.751
 176.921
 279.211
 265.961
 189.487
 206.283
 179.623
 130.192
  71.282
  87.601
  65.421
  72.711
  52.154
  60.303
  67.632
 103.744
 106.089
 146.700
 101.732
 124.281
 145.174
 143.470
 134.899
  75.839
  79.953
  85.131
  62.192
 138.898
 138.024
 140.646
 134.154
 149.452
 168.905
  63.187
  59.300
  55.201
  88.290
  68.664
  41.301
  47.863
  48.575
  67.869
  91.270
  93.151
  74.701
  86.102
 123.655
  96.478
  99.395
 145.940
 170.461
 214.408
 111.744
 117.137
 130.715
 179.495
 178.949
 191.510
 195.161
 179.960
 179.912
 163.388
 155.092
  89.018
  87.960
  82.667
  81.301
  65.618
  40.578
  40.762
  51.490
  61.946
  57.368
  57.053
  48.726
  34.442
  96.707
 105.167
 121.864
 109.400
 112.363
 103.108
  41.315
  51.390
 151.646
 173.601
 184.198
 197.445
 181.846
 145.570
  49.806
  43.056
  51.740
  43.966
  52.378
  55.926
  71.490
  80.960
 101.463
 116.934
 106.150
 125.429
 121.191
 137.496
  80.249
 120.077
 119.157
 108.278
  85.258
 100.370
  99.478
  77.867
  99.424
 122.172
 158.032
 124.996
 118.307
  69.219
  85.785
  65.440
  47.866
  78.129
  83.734
  96.789
 123.293
 130.238
 109.517
 106.246
  67.309
  75.922
  37.041
  32.063
  41.903
  60.965
  73.469
  81.248
  90.657
 153.953
 148.120
 147.990
 139.606
 130.944
 116.848
 107.403
  62.419
  37.800
 127.784
 123.922
 128.727
 129.440
 152.937
 153.133
  83.586
 104.207
 105.723
 130.761
  74.737
  81.335
  78.319
  84.406
  77.359
  61.176
  35.883
  36.654
  40.642
  48.914
  84.649
  83.138
  78.747
  95.159
  73.923
  66.664
  74.133
  92.930
  73.076
  82.516
  86.381
 108.966
 102.168
 190.329
 194.397
 146.148
 108.295
 159.579
 135.892
  62.896
 135.758
 254.843
 345.639
 358.093
 308.118
 292.712
 131.778
  92.060
  82.711
 110.412
 180.044
 220.657
 224.152
 237.176
 283.922
 237.168
 214.769
 162.042
 157.620
 136.757
 111.258
 116.214
 109.302
 107.019
 114.926
  78.570
 104.698
 172.358
 231.693
 234.047
 217.800
 235.668
 261.827
 228.286
 158.127
 135.526
 110.081
 122.627
 138.322
 109.725
 133.641
 141.854
 204.715
 194.716
 139.378
 125.342
 147.283
 200.109
 140.592
 166.509
 163.848
 151.963
  98.156
  77.992
  80.040
  96.548
 118.005
 140.653
 218.021
 208.665
 192.220
 202.754
 188.655
 131.027
  96.270
  64.260
  95.047
  99.365
 154.187
 165.475
 170.352
 167.062
 107.891
  44.896
  45.566
 135.450
 178.414
 221.333
 298.072
 336.373
 341.243
 312.934
 271.884
 393.679
 515.684
 535.772
 581.125
 645.158
 602.256
 556.033
 413.165
 447.690
 302.993
 282.643
 253.445
 346.759
 333.769
 261.255
 295.176
 278.275
 246.787
 199.454
 198.667
 208.733
 220.420
 284.496
 432.589
 540.717
 500.156
 567.700
 522.777
 505.665
 395.185
 247.778
 223.516
 344.177
 326.993
 460.024
 480.054
 513.546
 454.509
 389.797
 404.197
 399.046
 215.550
 337.581
 312.584
 459.946
 513.703
 543.338
 524.548
 571.737
 550.886
 492.305
 272.778
 273.887
 284.997
 173.420
 163.341
 147.293
 277.913
 202.704
 223.046
 350.986
 331.921
 323.504
 227.554
 283.820
 337.677
 337.475
 432.104
 467.347
 453.255
 424.874
 373.626
 456.075
 291.846
 293.547
 287.540
 274.850
 276.022
 105.229
 180.696
 134.557
 190.071
 249.014
 226.893
 270.179
 124.685
  83.804
 243.287
 237.258
 402.673
 417.538
 432.575
 484.450
 355.243
 565.252
 448.044
 485.425
 436.634
 577.430
 481.223
 244.392
 208.032
 234.815
 379.497
 366.901
 355.620
 382.661
 399.209
 435.265
 340.474
 334.883
 333.408
 294.664
 284.464
 258.162
 471.088
 392.366
 496.787
 576.558
 598.098
 519.780
 357.964
 353.066
 321.192
 435.783
 358.042
 293.474
 474.991
 421.228
 607.348
 427.194
 442.143
 384.102
 369.334
 345.090
 406.206
 497.667
 662.174
 800.683
 823.118
 813.514
 633.949
 609.789
 523.867
 656.621
 773.477
 939.957
 907.166
 920.926
 815.620
 607.420
 497.292
 265.742
 203.935
 200.108
  85.384
  83.032
  90.630
 153.206
 164.302
 317.693
 316.405
 594.011
 707.442
 607.608
 593.577
 469.160
 633.585
 326.836
 232.636
 246.696
 216.565
 254.398
 212.850
 194.295
 263.818
 360.296
 282.192
 279.915
 237.101
 223.803
 281.588
 221.039
 243.203
 275.547
 336.953
 348.673
 317.320
 288.966
 301.772
 180.251
 140.592
 140.347
 139.876
 266.647
 303.546
 375.807
 562.215
 552.234
 555.952
 582.581
 600.783
 475.588
 436.284
 321.968
 301.355
 205.977
 286.081
 251.579
 231.130
 242.295
 238.805
 227.794
 135.857
  93.464
  93.919
  95.996
 188.037
 293.495
 424.570
 563.608
 609.633
 643.191
 655.856
 415.956
 433.875
 383.640
 354.009
 290.013
 248.440
 215.374
 103.825
  88.297
  69.287
 100.342
 110.121
 117.441
 132.187
 148.583
 129.753
 136.501
 134.163
 147.603
 139.015
 184.673
 168.236
 195.524
 166.190
 158.054
 141.316
  79.423
  67.617
  43.559
  86.543
 186.173
 189.902
 185.426
 286.689
 306.829
 282.954
 215.766
 385.774
 419.232
 310.488
 367.456
 449.071
 405.239
 283.408
 271.432
 271.220
 134.823
 123.544
 148.132
 177.033
 180.926
 175.061
 172.255
 239.218
 131.187
 129.456
 118.944
 132.373
 122.916
 267.866
 315.356
 331.208
 254.465
 317.241
 273.956
 119.657
  80.264
  92.230
 105.475
 106.361
 111.647
 234.661
 225.269
 185.686
 272.324
 397.508
 297.900
 284.838
 296.286
 310.128
 288.635
 146.165
 161.806
 133.456
 164.912
 163.641
 150.545
 143.108
 110.722
 102.780
 168.764
 252.308
 241.330
 238.448
 288.555
 281.303
 236.287
 192.406
 191.363
 235.943
 309.573
 313.955
 344.593
 321.082
 296.131
 224.484
 198.086
 148.878
 150.859
 215.543
 169.932
 164.013
 152.681
 182.687
 218.364
 253.627
 224.017
 210.684
 176.321
 192.802
 165.050
  77.052
 131.240
 170.760
 199.000
 240.035
 226.648
 174.070
 216.988
 122.915
 146.719
